10 15 100 5 50
000 000 000 000 000 AAA 000 004 015 000 000 000 009 000 000
000 004 003 000 AAA 000 000 012 002 000 006 001 AAA 005 015
000 000 015 000 *** 014 002 013 000 000 000 000 010 000 001
000 000 *** 014 AAA 000 AAA 005 005 000 002 014 010 *** ***
012 009 014 000 000 001 008 004 000 015 AAA 002 001 000 000
000 *** 000 000 AAA 000 *** 000 013 000 012 *** 000 000 AAA
AAA AAA 000 010 AAA 000 000 000 000 000 000 000 012 009 ***
000 002 003 *** 007 000 AAA *** 000 *** 007 AAA *** *** 013
000 000 AAA 009 000 005 002 *** 005 000 000 AAA 000 *** 000
004 000 000 *** *** 003 012 *** *** *** 007 000 013 011 014
///
000 000 000 000 000 AAA 006 000 000 000 000 000 011 014 000
000 000 014 000 AAA 015 000 000 000 006 015 006 AAA 000 000
000 000 000 000 *** 005 000 001 000 006 000 000 000 001 000
009 015 *** 011 AAA 000 AAA 000 000 000 000 000 013 *** ***
000 002 012 000 001 007 013 010 000 001 AAA 000 004 000 000
000 *** 013 010 AAA 005 *** 000 000 012 013 *** 003 001 AAA
AAA AAA 009 007 AAA 000 000 000 008 009 000 000 000 000 ***
000 000 000 *** 014 000 AAA *** 000 *** 006 AAA *** *** 000
001 011 AAA 000 005 000 004 *** 000 013 001 AAA 005 *** 012
000 000 000 *** *** 000 005 *** *** *** 000 000 012 002 002
