10 15 100 5 50
001 005 *** 006 000 *** 000 AAA 014 000 *** AAA 000 *** AAA
014 008 AAA 000 000 006 012 001 *** 008 000 000 006 000 000
015 000 006 004 015 002 005 000 *** *** 000 005 000 *** AAA
002 004 000 015 000 010 001 006 000 015 000 005 006 012 002
AAA 007 006 011 013 000 013 AAA 000 000 *** 013 011 005 ***
009 *** 005 000 000 *** 000 000 000 000 000 AAA 005 013 AAA
001 *** 000 004 000 *** 005 000 001 000 011 *** 011 *** 000
*** 000 AAA 006 *** 000 *** 000 AAA AAA 000 000 011 015 000
003 000 002 *** 002 000 *** 001 013 000 *** 000 008 001 011
000 000 000 011 000 008 AAA *** 010 005 000 AAA 004 001 AAA
///
000 000 *** 001 000 *** 000 AAA 006 013 *** AAA 000 *** AAA
003 000 AAA 000 000 008 000 005 *** 004 013 000 000 011 003
000 000 000 004 000 011 000 015 *** *** 000 014 006 *** AAA
000 000 014 011 007 012 004 007 010 000 000 000 000 012 000
AAA 010 000 000 000 000 000 AAA 000 003 *** 012 000 000 ***
000 *** 005 000 002 *** 001 003 002 005 006 AAA 002 012 AAA
000 *** 008 000 000 *** 000 011 000 000 000 *** 014 *** 000
*** 007 AAA 012 *** 011 *** 000 AAA AAA 015 000 004 013 011
000 000 007 *** 000 001 *** 005 000 000 *** 014 005 000 011
000 011 000 003 003 000 AAA *** 002 000 000 AAA 000 000 AAA
